Date Open High Low Close Volume Adj Close
2016-03-16 107.089996 109.75 106.669998 109.540001 873700 109.540001
2016-03-15 106.440002 107.370003 105.110001 107.18 731900 107.18
2016-03-14 106.129997 107.739998 105.690002 107.550003 659300 107.550003
2016-03-11 107.00 107.470001 106.279999 106.610001 977700 106.610001
2016-03-10 105.519997 106.50 104.480003 106.089996 904500 106.089996
2016-03-09 106.07 106.669998 105.029999 105.220001 785300 105.220001
2016-03-08 107.610001 107.610001 105.339996 105.379997 955500 105.379997
2016-03-07 107.019997 108.879997 107.019997 108.839996 608500 108.839996
2016-03-04 107.010002 108.559998 106.470001 107.379997 902200 107.379997
2016-03-03 107.50 107.75 105.720001 106.980003 889000 106.980003
2016-03-02 106.669998 107.43 104.279999 107.339996 989300 107.339996
2016-03-01 105.110001 107.599998 104.50 106.800003 962500 106.800003
2016-02-29 104.870003 105.809998 104.080002 104.089996 844700 104.089996
2016-02-26 104.790001 105.449997 104.260002 104.879997 849100 104.879997
2016-02-25 102.449997 104.059998 101.940002 104.040001 932900 104.040001
2016-02-24 101.389999 102.57 99.940002 102.410004 976800 102.410004
2016-02-23 104.360001 105.290001 102.620003 102.660004 1040000 102.660004
2016-02-22 102.900002 105.400002 102.68 105.07 1963800 105.07
2016-02-19 101.260002 102.050003 99.669998 101.599998 1009800 101.599998
2016-02-18 102.50 103.150002 101.50 101.919998 897500 101.919998
2016-02-17 101.050003 102.779999 101.050003 102.25 1345200 102.25
2016-02-16 97.620003 101.07 96.339996 100.260002 1550800 100.260002
2016-02-12 95.25 96.699997 93.980003 96.330002 1431600 96.330002
2016-02-11 92.93 95.010002 91.650002 93.989998 1135700 93.989998
2016-02-10 97.580002 98.32 95.419998 95.550003 897300 94.825001
2016-02-09 96.010002 98.099998 95.809998 97.269997 1033900 96.531944
2016-02-08 97.620003 98.089996 95.919998 97.400002 1104800 96.660962
2016-02-05 98.629997 99.739998 97.379997 98.830002 2336400 98.080112
2016-02-04 95.309998 101.669998 95.309998 98.639999 2654500 97.891551
2016-02-03 93.790001 95.169998 91.860001 95.059998 1445000 94.338714
2016-02-02 93.120003 93.800003 92.07 92.730003 1539100 92.026399
2016-02-01 94.360001 95.199997 92.919998 94.470001 1417800 93.753194
2016-01-29 93.550003 95.739998 92.699997 95.57 1306700 94.844846
2016-01-28 93.860001 94.580002 92.150002 93.129997 1703500 92.423357
2016-01-27 92.07 97.459999 91.989998 93.870003 2250000 93.157748
2016-01-26 91.419998 95.419998 91.129997 94.470001 2476900 93.753194
2016-01-25 91.459999 91.830002 89.68 90.660004 1380800 89.972105
2016-01-22 91.449997 92.459999 89.940002 91.580002 883300 90.885123
2016-01-21 90.589996 91.510002 88.110001 90.059998 1326300 89.376652
2016-01-20 89.470001 90.75 87.529999 89.709999 2139700 89.029309
2016-01-19 92.629997 92.849998 89.849998 91.260002 1690300 90.567551
2016-01-15 89.900002 92.419998 89.480003 91.68 1537700 90.984363
2016-01-14 93.370003 94.260002 91.300003 92.589996 1509000 91.887454
2016-01-13 94.779999 95.50 92.639999 92.970001 1382200 92.264575
2016-01-12 94.760002 94.970001 92.75 94.32 1089500 93.604331
2016-01-11 94.019997 94.57 92.449997 93.449997 1435500 92.740929
2016-01-08 94.150002 95.489998 93.220001 93.470001 1246000 92.760782
2016-01-07 96.080002 96.389999 93.220001 93.43 1860000 92.721084
2016-01-06 99.099998 99.559998 97.019997 97.919998 1400800 97.177013
2016-01-05 101.18 101.940002 100.099998 100.610001 670600 99.846605
2016-01-04 100.709999 101.550003 99.029999 101.519997 1429300 100.749696
2015-12-31 103.730003 104.150002 102.610001 102.610001 562700 101.83143
2015-12-30 104.550003 105.470001 103.910004 103.980003 503200 103.191037
2015-12-29 104.059998 105.18 103.610001 104.959999 645700 104.163597
2015-12-28 103.519997 104.129997 102.629997 103.230003 504000 102.446728
2015-12-24 104.050003 105.00 103.389999 103.82 298200 103.032248
2015-12-23 102.800003 104.470001 102.220001 104.199997 855800 103.409362
2015-12-22 101.330002 102.599998 99.739998 102.010002 940600 101.235984
2015-12-21 100.690002 101.239998 99.580002 100.75 684800 99.985542
2015-12-18 100.019997 100.629997 98.919998 99.620003 1525600 98.864119
2015-12-17 103.309998 104.059998 99.970001 100.019997 1220300 99.261078
2015-12-16 102.779999 104.00 101.720001 103.379997 1633200 102.595584
2015-12-15 103.620003 103.809998 101.510002 101.540001 1436300 100.769549
2015-12-14 101.839996 103.410004 101.440002 103.339996 1311900 102.555886
2015-12-11 102.410004 103.230003 101.379997 101.580002 977600 100.809246
2015-12-10 103.730003 104.949997 103.190002 103.699997 692700 102.913155
2015-12-09 103.639999 105.910004 103.220001 103.809998 870700 103.022321
2015-12-08 105.440002 105.660004 103.82 103.910004 1018200 103.121569
2015-12-07 106.040001 106.980003 105.940002 106.839996 1204300 106.02933
2015-12-04 104.330002 106.75 103.809998 106.730003 1231000 105.920171
2015-12-03 105.989998 106.150002 103.18 104.080002 1244800 103.290277
2015-12-02 106.709999 107.510002 105.169998 105.269997 1252900 104.471243
2015-12-01 106.419998 107.699997 105.779999 106.919998 1138700 106.108724
2015-11-30 107.540001 107.730003 106.300003 106.440002 1295400 105.632371
2015-11-27 105.029999 107.239998 104.82 107.010002 685500 106.198045
2015-11-25 103.910004 105.669998 103.779999 105.129997 1335100 104.332305
2015-11-24 104.300003 104.480003 103.629997 104.010002 750800 103.220808
2015-11-23 105.260002 106.169998 103.970001 104.470001 1107200 103.677317
2015-11-20 106.279999 107.089996 104.940002 105.18 1002800 104.381929
2015-11-19 105.720001 106.519997 104.279999 105.760002 1074800 104.95753
2015-11-18 103.50 106.190002 103.400002 106.07 1236700 104.545676
2015-11-17 104.900002 105.370003 102.550003 103.050003 886800 101.56908
2015-11-16 102.099998 104.739998 102.059998 104.650002 1277200 103.146085
2015-11-13 101.870003 103.989998 101.75 102.639999 1191000 101.164968
2015-11-12 102.440002 104.410004 102.00 102.379997 1326000 100.908703
2015-11-11 103.25 105.370003 101.269997 103.910004 1482000 102.416721
2015-11-10 102.110001 104.720001 101.82 104.18 2963700 102.682838
2015-11-09 108.980003 108.980003 106.949997 107.790001 1856800 106.24096
2015-11-06 108.68 109.43 107.690002 109.00 1417300 107.43357
2015-11-05 109.449997 110.050003 108.739998 108.949997 1028000 107.384285
2015-11-04 110.639999 111.029999 109.129997 109.629997 778500 108.054514
2015-11-03 110.019997 110.959999 109.160004 110.139999 908700 108.557186
2015-11-02 109.199997 110.769997 108.18 110.559998 701000 108.971149
2015-10-30 108.879997 110.470001 108.699997 109.160004 1079400 107.591274
2015-10-29 107.32 108.599998 107.190002 108.559998 909200 106.999891
2015-10-28 105.839996 109.00 105.449997 108.720001 1107700 107.157595
2015-10-27 106.580002 106.959999 103.989998 105.239998 1161600 103.727602
2015-10-26 108.290001 108.959999 107.410004 107.57 578000 106.02412
2015-10-23 108.260002 109.190002 107.849998 108.040001 1102000 106.487367
2015-10-22 103.940002 107.580002 103.57 107.050003 1640000 105.511596
2015-10-21 104.910004 105.989998 103.849998 103.919998 697700 102.426572
2015-10-20 102.959999 104.529999 102.169998 104.349998 1048800 102.850393
2015-10-19 103.519997 104.290001 102.620003 103.160004 947200 101.6775
2015-10-16 105.360001 105.360001 102.610001 104.279999 1338200 102.781399
2015-10-15 104.07 105.32 102.959999 105.239998 812000 103.727602
2015-10-14 104.449997 104.919998 103.660004 103.849998 844000 102.357579
2015-10-13 104.449997 106.900002 104.400002 104.540001 910300 103.037665
2015-10-12 105.760002 106.050003 104.720001 105.519997 694200 104.003577
2015-10-09 105.800003 106.620003 104.870003 105.580002 937600 104.06272
2015-10-08 102.800003 105.830002 102.519997 105.419998 1504600 103.905016
2015-10-07 104.00 105.139999 101.580002 103.120003 1893900 101.638074
2015-10-06 103.889999 104.910004 103.730003 104.330002 1140700 102.830684
2015-10-05 102.18 104.07 100.300003 104.029999 1107500 102.534992
2015-10-02 99.239998 102.419998 98.470001 102.410004 1042500 100.938278
2015-10-01 101.419998 102.00 99.769997 100.360001 1119200 98.917735
2015-09-30 100.839996 101.949997 99.839996 101.470001 1551100 100.011784
2015-09-29 100.230003 101.230003 99.93 100.360001 1278900 98.917735
2015-09-28 99.330002 102.00 99.190002 99.900002 1553200 98.464347
2015-09-25 101.550003 101.989998 99.610001 100.279999 1046900 98.838883
2015-09-24 100.089996 101.639999 99.00 101.050003 1212200 99.597822
2015-09-23 103.599998 103.639999 100.760002 101.400002 1367500 99.94279
2015-09-22 102.449997 103.540001 102.07 103.099998 1694900 101.618357
2015-09-21 104.029999 104.980003 103.68 104.010002 854600 102.515283
2015-09-18 104.580002 104.769997 103.300003 103.790001 1685000 102.298443
2015-09-17 107.349998 107.610001 105.510002 105.839996 1509700 104.318978
2015-09-16 106.470001 107.839996 106.269997 107.580002 1299600 106.033978
2015-09-15 105.760002 106.599998 104.760002 106.550003 1036200 105.018782
2015-09-14 105.739998 106.279999 104.690002 104.940002 668800 103.431918
2015-09-11 105.040001 106.75 104.480003 105.900002 1114500 104.378121
2015-09-10 106.00 106.459999 104.50 105.150002 1074400 103.638899
2015-09-09 109.779999 110.480003 106.010002 106.190002 945400 104.663955
2015-09-08 107.75 109.639999 107.449997 109.620003 874200 108.044663
2015-09-04 106.720001 107.279999 105.839996 106.260002 723600 104.732948
2015-09-03 108.540001 109.57 107.629997 107.989998 1090000 106.438082
2015-09-02 109.169998 109.209999 107.239998 108.349998 1679800 106.79291
2015-09-01 109.00 109.830002 107.010002 107.550003 1429600 106.004411
2015-08-31 111.339996 112.419998 110.690002 111.830002 1074200 110.222902
2015-08-28 110.660004 112.18 109.139999 111.669998 764700 110.065198
2015-08-27 108.160004 111.440002 107.940002 111.220001 1292300 109.621668
2015-08-26 106.260002 107.300003 104.629997 107.099998 977500 105.560873
2015-08-25 107.910004 107.910004 103.519997 103.57 1063800 102.081604
2015-08-24 105.900002 108.849998 101.459999 105.169998 1733100 103.658609
2015-08-21 111.00 111.730003 108.849998 108.940002 1020000 107.374435
2015-08-20 112.959999 113.949997 111.230003 111.230003 833000 109.631526
2015-08-19 115.00 115.989998 113.43 114.010002 749200 112.371574
2015-08-18 116.370003 116.699997 115.349998 115.68 628400 114.017572
2015-08-17 115.330002 117.150002 114.57 117.00 481500 115.318603
2015-08-14 115.089996 116.489998 114.790001 116.169998 512500 114.500529
2015-08-13 114.910004 115.629997 113.510002 115.190002 606000 113.534616
2015-08-12 115.68 116.400002 114.559998 115.839996 1238800 113.534612
2015-08-11 117.580002 117.879997 116.279999 116.739998 904700 114.416702
2015-08-10 116.779999 118.989998 116.419998 118.940002 1116100 116.572923
2015-08-07 115.959999 116.889999 114.910004 115.900002 840200 113.593423
2015-08-06 116.279999 117.339996 115.190002 116.419998 921600 114.103071
2015-08-05 115.510002 117.389999 115.510002 116.029999 741400 113.720833
2015-08-04 115.650002 116.410004 114.730003 114.959999 750900 112.672128
2015-08-03 117.050003 117.129997 114.669998 115.309998 782800 113.015161
2015-07-31 117.940002 118.459999 116.559998 116.779999 702900 114.455907
2015-07-30 115.389999 118.110001 114.650002 117.099998 1244600 114.769538
2015-07-29 117.57 117.57 115.00 116.360001 1857400 114.044267
2015-07-28 117.510002 119.400002 116.489998 119.230003 1430200 116.857153
2015-07-27 116.599998 116.75 115.169998 116.32 1053900 114.005063
2015-07-24 117.900002 118.220001 117.110001 117.519997 1151800 115.181178
2015-07-23 120.089996 120.57 117.830002 117.900002 1131200 115.55362
2015-07-22 120.510002 121.330002 120.160004 120.300003 875200 117.905858
2015-07-21 123.139999 123.32 120.139999 120.809998 1024400 118.405703
2015-07-20 123.559998 123.889999 122.559998 123.379997 607400 120.924556
2015-07-17 123.410004 124.07 122.769997 123.739998 666900 121.277392
2015-07-16 124.059998 124.800003 122.970001 123.50 585300 121.04217
2015-07-15 124.769997 125.599998 122.709999 122.889999 849700 120.44431
2015-07-14 124.379997 125.389999 123.75 125.00 553400 122.512318
2015-07-13 123.169998 124.919998 122.940002 124.400002 739100 121.924261
2015-07-10 122.669998 122.910004 121.32 122.169998 643100 119.738638
2015-07-09 122.360001 123.050003 121.190002 121.489998 820100 119.07217
2015-07-08 124.07 124.239998 119.970001 120.720001 1173100 118.317498
2015-07-07 125.239998 125.989998 123.18 125.199997 1233700 122.708335
2015-07-06 124.900002 125.970001 123.82 125.419998 1010000 122.923958
2015-07-02 126.349998 126.709999 125.900002 126.129997 573400 123.619827
2015-07-01 125.989998 126.769997 125.400002 126.269997 1050500 123.75704
2015-06-30 124.00 125.949997 123.809998 124.639999 1212100 122.159482
2015-06-29 123.599998 124.790001 122.809998 122.910004 1083400 120.463916
2015-06-26 124.349998 124.830002 123.970001 124.720001 636600 122.237892
2015-06-25 125.169998 125.290001 123.790001 124.019997 410500 121.551818
2015-06-24 125.50 125.93 125.019997 125.169998 508100 122.678933
2015-06-23 126.18 126.18 125.230003 125.589996 543500 123.090573
2015-06-22 125.269997 126.230003 124.730003 125.849998 727800 123.3454
2015-06-19 125.400002 125.709999 124.300003 124.370003 618300 121.894859
2015-06-18 124.879997 126.32 124.800003 125.589996 627200 123.090573
2015-06-17 124.279999 124.839996 123.279999 124.610001 446300 122.13008
2015-06-16 123.82 124.589996 123.279999 124.089996 653600 121.620425
2015-06-15 125.269997 125.269997 123.080002 123.900002 1127400 121.434211
2015-06-12 126.75 126.889999 125.620003 125.870003 540000 123.365007
2015-06-11 126.50 127.050003 126.019997 126.889999 647000 124.364704
2015-06-10 125.989998 126.919998 125.559998 126.720001 691800 124.198089
2015-06-09 125.029999 125.919998 125.00 125.120003 659400 122.629933
2015-06-08 124.790001 125.309998 124.540001 124.989998 753900 122.502515
2015-06-05 124.099998 125.339996 123.379997 125.169998 534100 122.678933
2015-06-04 125.690002 125.779999 124.199997 124.529999 925600 122.051671
2015-06-03 126.300003 126.669998 125.260002 126.300003 913200 123.786449
2015-06-02 123.830002 126.559998 123.239998 125.529999 1181900 123.031769
2015-06-01 122.790001 124.480003 122.32 123.830002 900800 121.365605
2015-05-29 123.830002 123.830002 122.25 122.889999 717500 120.44431
2015-05-28 124.040001 124.699997 123.639999 123.82 721200 121.355802
2015-05-27 124.00 124.839996 123.779999 124.660004 860500 122.179088
2015-05-26 124.699997 124.860001 123.510002 123.739998 811200 121.277392
2015-05-22 125.459999 126.00 125.129997 125.129997 505300 122.639728
2015-05-21 125.099998 126.290001 125.099998 125.669998 759400 123.168982
2015-05-20 124.980003 125.459999 124.370003 125.00 523900 122.512318
2015-05-19 124.830002 125.620003 124.129997 125.010002 945200 122.522121
2015-05-18 124.00 125.529999 123.959999 125.059998 1006300 122.571122
2015-05-15 124.339996 124.410004 122.82 124.370003 681400 121.894859
2015-05-14 123.419998 124.699997 122.860001 124.410004 1019100 121.934064
2015-05-13 122.260002 124.459999 121.769997 123.620003 1317400 120.522719
2015-05-12 120.129997 122.699997 119.650002 121.660004 989300 118.611828
2015-05-11 119.629997 121.389999 119.379997 120.650002 681500 117.627131
2015-05-08 120.809998 120.980003 119.599998 120.080002 1070000 117.071413
2015-05-07 120.669998 120.989998 119.07 119.440002 1091200 116.447448
2015-05-06 121.059998 121.800003 119.769997 120.849998 1055400 117.822117
2015-05-05 121.480003 122.480003 119.879997 120.199997 936500 117.188401
2015-05-04 121.50 122.660004 121.089996 122.209999 995900 119.148043
2015-05-01 119.150002 122.059998 119.150002 121.239998 1351000 118.202345
2015-04-30 117.120003 122.660004 116.440002 118.599998 3902800 115.628491
2015-04-29 113.150002 113.459999 111.400002 112.330002 1705200 109.515588
2015-04-28 114.150002 114.699997 112.940002 113.540001 1587600 110.695271
2015-04-27 112.57 114.959999 112.169998 114.839996 1951900 111.962695
2015-04-24 114.029999 114.190002 111.459999 112.129997 1045300 109.320595
2015-04-23 113.449997 114.269997 112.379997 114.019997 863000 111.16324
2015-04-22 113.830002 114.279999 112.150002 114.019997 843300 111.16324
2015-04-21 114.139999 114.449997 113.110001 113.720001 964200 110.870761
2015-04-20 113.139999 114.580002 113.029999 114.139999 589900 111.280236
2015-04-17 113.370003 113.690002 112.00 112.309998 903200 109.496085
2015-04-16 113.739998 114.68 112.730003 114.330002 1033300 111.465478
2015-04-15 111.709999 114.440002 111.709999 114.139999 1693400 111.280236
2015-04-14 110.010002 111.800003 110.00 111.519997 1305300 108.725877
2015-04-13 111.459999 111.800003 111.07 111.279999 682800 108.491893
2015-04-10 111.510002 111.639999 110.169998 111.550003 999400 108.755132
2015-04-09 111.480003 112.260002 110.970001 111.699997 1436000 108.901368
2015-04-08 112.010002 113.489998 110.269997 111.550003 1257900 108.755132
2015-04-07 113.889999 114.709999 112.730003 112.809998 666200 109.983558
2015-04-06 112.589996 115.589996 111.889999 114.379997 847300 111.514221
2015-04-02 113.110001 113.870003 112.470001 112.800003 991100 109.973813
2015-04-01 114.910004 115.389999 112.910004 113.230003 1378800 110.39304
2015-03-31 115.139999 116.269997 113.760002 115.989998 1378100 113.083883
2015-03-30 114.209999 115.980003 114.00 115.519997 1163300 112.625658
2015-03-27 113.720001 113.720001 112.660004 113.139999 1189500 110.305291
2015-03-26 113.349998 113.910004 112.889999 113.400002 1021900 110.558779
2015-03-25 116.00 116.110001 113.699997 113.709999 1042400 110.86101
2015-03-24 114.82 116.690002 114.75 116.129997 1170900 113.220375
2015-03-23 115.989998 116.400002 115.209999 115.25 1115500 112.362426
2015-03-20 115.57 116.589996 115.010002 116.150002 1497100 113.239878
2015-03-19 115.00 115.480003 114.110001 114.50 741100 111.631217
2015-03-18 112.760002 116.610001 112.019997 115.690002 1143500 112.791404
2015-03-17 113.480003 113.610001 112.589996 113.019997 801100 110.188295
2015-03-16 112.349998 114.760002 112.120003 114.599998 1038400 111.72871
2015-03-13 112.550003 112.82 110.980003 111.519997 1330800 108.725877
2015-03-12 111.459999 113.650002 111.220001 113.239998 1091100 110.402784
2015-03-11 110.660004 110.919998 109.699997 109.980003 1459400 107.224468
2015-03-10 111.220001 112.099998 110.669998 110.699997 863700 107.926423
2015-03-09 112.610001 112.919998 111.959999 112.330002 899800 109.515588
2015-03-06 113.129997 114.290001 111.949997 112.360001 752400 109.544835
2015-03-05 115.07 115.370003 113.730003 114.199997 981000 111.338731
2015-03-04 116.339996 116.339996 113.879997 114.849998 1163400 111.972446
2015-03-03 116.940002 117.720001 116.400002 117.129997 607200 114.19532
2015-03-02 117.040001 117.779999 115.379997 117.730003 818400 114.780293
2015-02-27 117.580002 117.82 116.339996 117.040001 1202900 114.107579
2015-02-26 117.839996 118.32 116.75 117.410004 828700 114.468311
2015-02-25 118.279999 118.32 116.870003 117.580002 531800 114.63405
2015-02-24 116.790001 118.529999 116.790001 118.419998 697300 115.453
2015-02-23 117.400002 117.900002 116.160004 117.709999 978000 114.76079
2015-02-20 117.620003 118.300003 115.860001 118.199997 792500 115.238511
2015-02-19 117.910004 118.519997 117.010002 117.830002 733000 114.877786
2015-02-18 117.75 118.959999 117.120003 118.449997 1161400 115.482247
2015-02-17 117.900002 118.190002 117.029999 117.82 774100 114.868035
2015-02-13 117.050003 118.239998 117.010002 117.900002 999100 114.946032
2015-02-12 115.940002 117.050003 115.32 116.879997 1114300 113.951584
2015-02-11 114.779999 115.839996 113.739998 115.330002 1169100 111.806711
2015-02-10 115.470001 115.669998 113.559998 115.00 908200 111.486791
2015-02-09 112.00 115.110001 111.459999 115.029999 1134900 111.515873
2015-02-06 113.120003 114.25 112.25 112.650002 947700 109.208584
2015-02-05 112.139999 113.269997 112.080002 113.040001 823400 109.586669
2015-02-04 113.730003 113.730003 111.809998 112.099998 1373800 108.675383
2015-02-03 113.050003 114.550003 112.239998 114.330002 1484100 110.837261
2015-02-02 109.379997 112.169998 108.949997 111.889999 1305000 108.4718
2015-01-30 109.029999 109.68 108.050003 108.919998 1349700 105.592531
2015-01-29 108.779999 110.110001 106.82 110.019997 1738600 106.658925
2015-01-28 109.510002 111.419998 107.489998 108.559998 4328000 105.243528
2015-01-27 107.730003 108.260002 104.690002 107.239998 3431300 103.963854
2015-01-26 106.620003 107.32 105.489998 107.25 1156100 103.973551
2015-01-23 108.25 108.849998 106.730003 106.860001 1075600 103.595465
2015-01-22 108.209999 109.019997 106.470001 108.519997 1806800 105.204749
2015-01-21 104.970001 106.489998 104.970001 106.389999 684400 103.139823
2015-01-20 105.389999 106.010002 104.220001 105.449997 1129800 102.228537
2015-01-16 104.489998 104.769997 102.309998 104.690002 1392100 101.49176
2015-01-15 104.870003 106.309998 104.300003 104.800003 1280600 101.5984
2015-01-14 103.00 105.019997 102.599998 104.870003 1799100 101.666261
2015-01-13 106.449997 107.089996 103.260002 104.480003 912800 101.288176
2015-01-12 107.239998 107.279999 105.18 106.00 665500 102.761738
2015-01-09 109.970001 109.970001 106.209999 107.510002 1121000 104.22561
2015-01-08 107.339996 109.410004 107.169998 109.389999 847400 106.048174
2015-01-07 107.18 107.550003 105.919998 106.260002 1242100 103.013797
2015-01-06 107.25 107.769997 104.889999 106.080002 1059900 102.839295
2015-01-05 109.660004 109.93 107.080002 107.309998 1337500 104.031715
2015-01-02 111.93 112.580002 109.949997 111.040001 712600 107.647768
2014-12-31 112.650002 113.360001 111.080002 111.199997 617600 107.802876
2014-12-30 113.260002 113.260002 112.07 112.349998 484200 108.917746
2014-12-29 112.790001 113.57 112.190002 113.089996 401800 109.635137
2014-12-26 113.00 113.690002 112.870003 113.010002 326900 109.557587
2014-12-24 113.540001 113.760002 112.400002 112.93 320900 109.480029
2014-12-23 112.949997 114.059998 112.519997 113.290001 620600 109.829032
2014-12-22 112.00 112.550003 110.980003 112.389999 778600 108.956525
2014-12-19 112.089996 112.639999 111.169998 111.790001 2296900 108.374856
2014-12-18 109.690002 111.470001 109.32 111.440002 1587100 108.03555
2014-12-17 104.959999 108.160004 104.269997 107.93 1988200 104.632777
2014-12-16 103.690002 106.459999 103.099998 104.830002 2295900 101.627482
2014-12-15 105.639999 106.190002 103.150002 103.379997 1321100 100.221775
2014-12-12 105.580002 106.860001 104.769997 104.800003 1780500 101.5984
2014-12-11 107.370003 108.309998 106.57 106.889999 1425100 103.624548
2014-12-10 110.489998 110.870003 106.620003 106.870003 1365600 103.605162
2014-12-09 109.809998 111.169998 109.190002 111.059998 1037100 107.667154
2014-12-08 113.940002 114.18 111.379997 111.660004 1076300 108.24883
2014-12-05 114.540001 115.580002 113.540001 114.290001 1543600 110.798482
2014-12-04 117.669998 118.029999 115.900002 116.300003 985800 112.747079
2014-12-03 116.209999 118.32 116.209999 117.93 1384100 114.327281
2014-12-02 112.25 116.879997 111.900002 115.690002 2202000 112.155714
2014-12-01 113.230003 113.690002 111.169998 111.620003 1956400 108.210051
2014-11-28 113.75 116.110001 112.129997 115.410004 2183400 111.884269
2014-11-26 115.18 115.199997 113.900002 114.650002 469400 111.147485
2014-11-25 114.75 115.419998 114.040001 114.809998 899500 111.302593
2014-11-24 114.370003 114.68 113.809998 114.260002 762600 110.7694
2014-11-21 111.739998 115.129997 111.739998 113.639999 1355100 110.168338
2014-11-20 109.339996 110.839996 109.160004 110.360001 747300 106.988542
2014-11-19 110.43 110.889999 109.779999 110.190002 561000 106.823737
2014-11-18 110.360001 111.440002 110.199997 110.889999 880400 107.502349
2014-11-17 109.50 110.889999 109.300003 110.18 675000 106.81404
2014-11-14 108.199997 110.260002 107.699997 110.120003 960700 106.755876
2014-11-13 110.849998 111.849998 107.25 108.160004 1868400 104.855754
2014-11-12 114.25 117.370003 112.269997 112.440002 1585900 108.374856
2014-11-11 112.629997 112.93 112.00 112.860001 751400 108.77967
2014-11-10 112.32 113.050003 112.25 112.75 626800 108.673646
2014-11-07 112.040001 112.339996 111.120003 112.290001 848500 108.230278
2014-11-06 110.370003 112.260002 110.300003 111.769997 866600 107.729074
2014-11-05 110.260002 111.089996 109.370003 110.230003 942500 106.244757
2014-11-04 110.730003 110.790001 108.959999 109.25 939200 105.300185
2014-11-03 112.349998 112.779999 110.669998 110.839996 715000 106.832697
2014-10-31 112.139999 112.540001 111.370003 112.349998 705600 108.288106
2014-10-30 108.830002 110.309998 107.970001 110.25 724600 106.264031
2014-10-29 110.610001 110.980003 108.529999 109.220001 634000 105.271271
2014-10-28 108.970001 111.25 108.519997 110.879997 861000 106.871252
2014-10-27 108.629997 108.629997 106.779999 107.940002 607900 104.037549
2014-10-24 107.699997 109.309998 106.610001 109.309998 872000 105.358013
2014-10-23 106.50 108.790001 106.50 107.669998 1170000 103.777306
2014-10-22 108.82 108.82 105.089996 105.129997 1221500 101.329137
2014-10-21 105.940002 108.989998 105.730003 108.959999 895900 105.020669
2014-10-20 104.669998 105.230003 104.160004 105.120003 855800 101.319503
2014-10-17 104.68 106.699997 104.629997 105.169998 1306600 101.367691
2014-10-16 98.839996 103.529999 98.610001 103.120003 1439800 99.391811
2014-10-15 100.029999 101.510002 98.720001 100.779999 1605200 97.136408
2014-10-14 99.040001 103.120003 99.040001 100.970001 1765400 97.319541
2014-10-13 100.980003 101.410004 98.550003 98.599998 1280300 95.035223
2014-10-10 102.800003 103.120003 99.93 100.519997 2333700 96.885805
2014-10-09 108.019997 108.139999 102.68 102.949997 2061600 99.227952
2014-10-08 105.959999 108.059998 104.339996 108.059998 1972700 104.153206
2014-10-07 108.099998 108.300003 105.879997 105.879997 1249100 102.052021
2014-10-06 110.660004 111.080002 108.769997 108.82 841500 104.885731
2014-10-03 110.239998 110.589996 109.489998 110.300003 744900 106.312226
2014-10-02 109.440002 109.669998 107.699997 109.440002 1314900 105.483318
2014-10-01 109.389999 110.099998 108.379997 109.389999 1815300 105.435123
2014-09-30 111.50 111.849998 109.839996 109.879997 1155200 105.907405
2014-09-29 111.599998 111.910004 111.029999 111.480003 812300 107.449565
2014-09-26 111.440002 113.199997 111.230003 112.839996 503800 108.760389
2014-09-25 113.150002 113.150002 111.279999 111.489998 833900 107.459198
2014-09-24 114.00 114.139999 112.779999 113.300003 1172500 109.203765
2014-09-23 114.230003 115.209999 114.110001 114.269997 485900 110.138689
2014-09-22 116.870003 117.00 114.68 115.00 761800 110.8423
2014-09-19 118.419998 118.75 116.559998 117.129997 828300 112.89529
2014-09-18 116.599998 117.900002 116.50 117.720001 477800 113.463963
2014-09-17 116.809998 117.580002 115.589996 116.139999 536700 111.941084
2014-09-16 115.32 116.370003 114.43 116.290001 532400 112.085662
2014-09-15 115.43 115.980003 115.059998 115.489998 299700 111.314583
2014-09-12 116.029999 116.209999 114.760002 115.400002 674600 111.22784
2014-09-11 115.459999 116.379997 115.050003 116.160004 431100 111.960365
2014-09-10 116.080002 116.669998 115.330002 115.82 595600 111.632654
2014-09-09 116.309998 116.809998 115.50 115.93 496900 111.738677
2014-09-08 117.029999 117.669998 116.410004 116.57 373000 112.355538
2014-09-05 116.650002 117.370003 115.75 117.190002 569300 112.953125
2014-09-04 116.480003 118.769997 116.010002 116.980003 856700 112.750719
2014-09-03 117.050003 118.209999 116.309998 116.489998 417700 112.278429
2014-09-02 116.510002 117.510002 116.279999 117.18 596100 112.943485
2014-08-29 116.449997 117.040001 115.980003 116.610001 475500 112.394093
2014-08-28 115.93 116.860001 115.50 116.370003 559700 112.162772
2014-08-27 116.239998 116.519997 115.720001 116.370003 349700 112.162772
2014-08-26 117.370003 117.760002 116.32 116.360001 433100 112.153131
2014-08-25 117.160004 117.809998 116.379997 117.349998 520300 113.107337
2014-08-22 116.910004 117.290001 116.269997 116.449997 404400 112.239874
2014-08-21 117.739998 117.739998 116.760002 117.389999 470700 113.145892
2014-08-20 116.290001 117.68 116.029999 117.459999 691800 113.213361
2014-08-19 115.739998 116.489998 115.739998 116.279999 554800 112.076022
2014-08-18 114.779999 115.849998 114.779999 115.669998 481100 111.488075
2014-08-15 115.470001 115.470001 113.300003 114.290001 547900 110.15797
2014-08-14 114.540001 115.279999 114.139999 114.809998 581200 110.659167
2014-08-13 113.75 114.419998 113.639999 114.199997 591900 110.07122
2014-08-12 113.620003 114.32 112.989998 113.260002 480100 109.16521
2014-08-11 113.610001 114.540001 113.529999 113.730003 408400 109.618219
2014-08-08 111.940002 113.32 111.620003 113.150002 726000 109.059186
2014-08-07 111.970001 112.68 111.190002 111.550003 891200 107.517034
2014-08-06 111.790001 113.220001 111.040001 111.769997 1742300 107.170045
2014-08-05 112.099998 113.660004 111.699997 112.309998 849000 107.687822
2014-08-04 112.279999 113.120003 111.370003 112.879997 791100 108.234363
2014-08-01 112.089996 112.089996 109.800003 111.559998 1085800 106.968688
2014-07-31 112.129997 113.139999 111.540001 111.660004 1299100 107.064578
2014-07-30 113.379997 114.269997 111.239998 113.330002 2954800 108.665847
2014-07-29 121.970001 122.949997 119.910004 119.970001 1167200 115.032574
2014-07-28 122.519997 122.699997 121.25 122.370003 426400 117.333802
2014-07-25 122.660004 123.720001 122.129997 123.059998 474100 117.9954
2014-07-24 122.809998 123.699997 122.43 122.660004 672200 117.611868
2014-07-23 122.849998 123.370003 122.370003 122.639999 423300 117.592687
2014-07-22 123.029999 123.690002 122.919998 122.959999 493500 117.899517
2014-07-21 122.220001 122.839996 121.580002 122.480003 494400 117.439275
2014-07-18 121.050003 122.779999 121.019997 122.50 526400 117.458449
2014-07-17 122.589996 122.839996 120.650002 120.669998 710000 115.703762
2014-07-16 123.519997 123.699997 122.849998 123.239998 495300 118.167992
2014-07-15 123.650002 124.00 122.650002 123.239998 644200 118.167992
2014-07-14 123.709999 124.389999 123.459999 123.559998 531100 118.474822
2014-07-11 122.519997 123.830002 122.209999 123.190002 371800 118.120054
2014-07-10 123.00 123.459999 122.599998 122.93 550500 117.870753
2014-07-09 124.370003 124.980003 124.089996 124.57 352700 119.443257
2014-07-08 124.860001 125.279999 124.019997 124.080002 555100 118.973425
2014-07-07 125.860001 125.889999 124.529999 125.25 470400 120.095271
2014-07-03 126.010002 126.82 125.110001 126.190002 395400 120.996588
2014-07-02 125.830002 126.059998 124.620003 125.25 476800 120.095271
2014-07-01 125.669998 126.839996 125.150002 125.690002 613800 120.517165
2014-06-30 125.449997 125.839996 124.720001 125.160004 643500 120.008979
2014-06-27 124.099998 126.029999 124.099998 125.839996 382000 120.660986
2014-06-26 124.879997 125.230003 123.889999 124.709999 361500 119.577495
2014-06-25 124.300003 125.620003 124.300003 124.739998 489000 119.606259
2014-06-24 125.830002 126.739998 124.269997 124.279999 396100 119.165191
2014-06-23 127.879997 127.879997 126.099998 126.480003 316400 121.274653
2014-06-20 124.830002 127.260002 124.550003 127.239998 775200 122.00337
2014-06-19 126.269997 126.269997 125.07 125.339996 811600 120.181564
2014-06-18 127.139999 127.269997 124.949997 125.690002 850800 120.517165
2014-06-17 125.300003 127.199997 125.099998 126.93 449600 121.706131
2014-06-16 126.07 126.470001 125.010002 125.660004 341100 120.488401
2014-06-13 125.18 125.910004 124.349998 125.620003 542400 120.450047
2014-06-12 126.080002 126.459999 124.879997 125.300003 621600 120.143217
2014-06-11 126.239998 126.300003 125.57 126.169998 387400 120.977407
2014-06-10 127.830002 128.00 126.18 126.639999 518100 121.428065
2014-06-09 126.00 128.570007 125.919998 127.830002 729300 122.569092
2014-06-06 125.50 126.529999 125.419998 126.339996 404100 121.140408
2014-06-05 123.230003 125.389999 123.099998 125.300003 907800 120.143217
2014-06-04 122.540001 123.00 122.139999 122.349998 401000 117.314621
2014-06-03 122.57 123.599998 122.269997 122.480003 561900 117.439275
2014-06-02 121.050003 123.00 120.940002 122.660004 722700 117.611868
2014-05-30 120.699997 121.330002 120.230003 121.080002 450700 116.096892
2014-05-29 121.199997 121.290001 120.040001 120.370003 654100 115.416113
2014-05-28 122.690002 122.980003 121.07 121.139999 407800 116.15442
2014-05-27 122.209999 122.900002 121.440002 122.290001 499100 117.257093
2014-05-23 119.529999 121.440002 119.529999 121.260002 364800 116.269484
2014-05-22 119.419998 121.199997 119.419998 119.879997 517200 114.946274
2014-05-21 119.269997 120.349998 118.330002 119.599998 616600 114.677799
2014-05-20 121.220001 121.68 118.040001 118.910004 668400 114.016201
2014-05-19 119.470001 121.629997 119.43 121.419998 507300 116.422895
2014-05-16 119.93 120.360001 118.470001 120.190002 696000 115.243521
2014-05-15 119.720001 120.019997 117.300003 119.769997 806100 114.8408
2014-05-14 120.580002 121.419998 119.389999 119.629997 1005300 114.706563
2014-05-13 121.779999 122.00 120.580002 120.690002 587400 115.722943
2014-05-12 118.589996 121.660004 118.589996 121.419998 715700 116.422895
2014-05-09 118.389999 118.730003 116.330002 117.889999 741900 113.038176
2014-05-08 119.230003 120.360001 118.019997 118.349998 879100 113.479243
2014-05-07 119.18 120.300003 118.099998 119.580002 633300 114.102493
2014-05-06 119.260002 119.839996 118.690002 118.82 643100 113.377304
2014-05-05 118.970001 120.199997 118.57 119.839996 531700 114.350578
2014-05-02 119.919998 120.730003 119.25 119.57 742200 114.092949
2014-05-01 118.709999 120.910004 118.400002 120.220001 1100200 114.713176
2014-04-30 115.830002 120.50 115.660004 119.18 1713200 113.720814
2014-04-29 122.110001 123.00 115.209999 115.629997 2329100 110.333423
2014-04-28 125.510002 125.82 122.410004 124.529999 961000 118.825749
2014-04-25 127.470001 127.470001 124.610001 125.099998 731900 119.369639
2014-04-24 128.190002 128.259995 126.599998 127.639999 567600 121.793292
2014-04-23 127.790001 128.110001 126.849998 127.160004 556200 121.335283
2014-04-22 127.849998 128.460007 127.610001 127.669998 512000 121.821917
2014-04-21 127.00 128.029999 125.110001 127.75 593200 121.898254
2014-04-17 125.949997 127.400002 125.339996 127.019997 664100 121.20169
2014-04-16 123.589996 125.730003 122.970001 125.699997 589800 119.942154
2014-04-15 121.540001 122.709999 119.849998 122.43 891700 116.821944
2014-04-14 122.089996 122.389999 120.349998 121.449997 557400 115.886831
2014-04-11 121.120003 122.190002 120.139999 120.800003 879600 115.26661
2014-04-10 123.879997 124.199997 121.360001 121.57 525100 116.001336
2014-04-09 123.389999 124.059998 122.50 123.940002 527500 118.262778
2014-04-08 121.989998 123.309998 121.309998 122.970001 637000 117.337209
2014-04-07 124.169998 124.43 121.57 121.989998 533600 116.402096
2014-04-04 127.730003 128.130005 124.269997 124.510002 686300 118.806668
2014-04-03 126.220001 127.120003 125.769997 126.879997 545500 121.068103
2014-04-02 125.190002 126.690002 124.82 126.099998 1096000 120.323833
2014-04-01 124.790001 125.370003 124.120003 124.839996 963400 119.121547
2014-03-31 125.419998 125.660004 124.470001 124.550003 799700 118.844837
2014-03-28 122.120003 124.669998 121.510002 124.25 776600 118.558576
2014-03-27 122.019997 122.57 121.07 121.779999 745600 116.201716
2014-03-26 124.459999 124.599998 122.160004 122.169998 603300 116.573851
2014-03-25 123.269997 124.769997 122.25 123.669998 793500 118.005142
2014-03-24 123.699997 124.360001 121.779999 122.129997 778700 116.535683
2014-03-21 124.220001 124.739998 122.959999 123.040001 1021200 117.404002
2014-03-20 122.029999 123.50 121.82 122.800003 543900 117.174998
2014-03-19 123.18 123.800003 121.43 122.230003 451800 116.631108
2014-03-18 122.519997 123.470001 122.330002 123.279999 521700 117.633007
2014-03-17 120.940002 122.669998 120.940002 122.25 601800 116.650188
2014-03-14 120.139999 121.160004 119.57 120.00 1081800 114.503253
2014-03-13 122.290001 122.68 119.190002 120.25 1076300 114.741801
2014-03-12 121.220001 121.82 120.599998 121.800003 693500 116.220804
2014-03-11 125.599998 125.599998 121.389999 122.07 603700 116.478433
2014-03-10 125.199997 125.199997 123.25 123.739998 612300 118.071935
2014-03-07 124.18 124.779999 123.760002 124.720001 1075200 119.007048
2014-03-06 124.110001 124.360001 122.699997 123.459999 695300 117.804762
2014-03-05 123.809998 123.860001 123.220001 123.489998 611400 117.833387
2014-03-04 123.309998 124.18 123.110001 124.00 680100 118.320028
2014-03-03 119.900002 122.120003 119.900002 121.589996 721500 116.020417
2014-02-28 122.18 124.110001 121.900002 122.839996 830100 117.213159
2014-02-27 121.50 122.400002 121.18 122.18 473000 116.583395
2014-02-26 121.029999 122.580002 120.629997 121.730003 677400 116.154011
2014-02-25 120.379997 121.480003 119.660004 120.849998 831400 115.314316
2014-02-24 119.349998 120.970001 119.059998 120.559998 828900 115.037599
2014-02-21 119.040001 120.400002 118.50 119.32 1019600 113.8544
2014-02-20 117.959999 119.300003 117.50 118.989998 932700 113.539515
2014-02-19 117.989998 119.07 117.650002 118.00 1174700 112.594865
2014-02-18 116.889999 118.720001 116.889999 118.50 897700 113.071962
2014-02-14 116.370003 117.120003 115.540001 117.00 777700 111.640671
2014-02-13 114.32 116.470001 113.709999 116.449997 1040400 111.115862
2014-02-12 113.50 115.800003 113.43 115.559998 1074100 109.7132
2014-02-11 112.440002 114.010002 112.330002 113.480003 937100 107.738444
2014-02-10 112.580002 112.68 111.599998 112.040001 543100 106.371299
2014-02-07 111.379997 112.589996 110.639999 112.349998 1239200 106.665612
2014-02-06 110.279999 111.309998 110.089996 110.639999 935400 105.042131
2014-02-05 110.82 111.050003 108.830002 109.910004 1576100 104.349069
2014-02-04 111.940002 112.059998 110.18 111.18 1435100 105.55481
2014-02-03 114.900002 115.660004 111.769997 111.970001 1758300 106.304841
2014-01-31 113.099998 115.43 113.099998 114.839996 1032100 109.029627
2014-01-30 115.50 116.32 114.610001 115.099998 1284200 109.276475
2014-01-29 117.029999 118.029999 114.18 115.089996 1788800 109.266978
2014-01-28 113.699997 115.309998 113.32 115.010002 1232800 109.191032
2014-01-27 114.209999 114.720001 111.790001 112.959999 1131200 107.244749
2014-01-24 116.610001 116.720001 112.870003 112.989998 941500 107.27323
2014-01-23 118.220001 118.50 116.489998 117.010002 576500 111.089841
2014-01-22 119.370003 119.760002 118.059998 119.059998 636800 113.036116
2014-01-21 120.18 121.010002 118.300003 119.830002 665100 113.767162
2014-01-17 119.660004 119.660004 118.660004 119.230003 735700 113.19752
2014-01-16 117.68 119.709999 117.639999 119.660004 985300 113.605765
2014-01-15 118.32 119.029999 118.199997 118.860001 889200 112.846238
2014-01-14 115.43 118.830002 115.029999 118.239998 1203600 112.257605
2014-01-13 116.459999 117.32 114.769997 115.07 657700 109.247994
2014-01-10 116.82 117.300003 115.959999 116.959999 503500 111.042368
2014-01-09 116.75 117.330002 115.029999 116.43 537700 110.539184
2014-01-08 117.279999 117.279999 115.709999 116.470001 785500 110.577162
2014-01-07 117.57 117.57 115.779999 117.040001 556200 111.118322
2014-01-06 118.199997 118.739998 116.120003 116.519997 662300 110.624627
2014-01-03 116.610001 118.010002 116.449997 117.830002 606600 111.868352
2014-01-02 117.620003 117.989998 116.010002 116.379997 479100 110.491711
2013-12-31 117.970001 118.809998 117.790001 118.160004 346200 112.181658
2013-12-30 117.760002 118.489998 117.400002 117.699997 513300 111.744925
2013-12-27 118.730003 119.029999 117.559998 117.980003 464900 112.010765
2013-12-26 117.489998 118.00 117.029999 117.809998 307300 111.84936
2013-12-24 116.50 117.379997 116.190002 117.099998 250300 111.175284
2013-12-23 117.260002 117.669998 116.209999 116.349998 773800 110.46323
2013-12-20 113.889999 117.110001 113.889999 116.510002 1154700 110.615139
2013-12-19 112.589996 114.129997 112.309998 114.029999 651300 108.260612
2013-12-18 110.32 113.32 109.629997 113.110001 752700 107.387161
2013-12-17 111.029999 111.459999 110.260002 110.529999 477900 104.937696
2013-12-16 110.809998 111.900002 110.730003 110.959999 797200 105.34594
2013-12-13 110.57 111.449997 110.040001 110.519997 385100 104.928199
2013-12-12 109.610001 110.949997 108.779999 110.529999 798000 104.937696
2013-12-11 112.360001 112.360001 109.440002 109.669998 516900 104.121207
2013-12-10 111.620003 112.949997 111.379997 111.879997 678400 106.21939
2013-12-09 111.440002 112.370003 111.110001 111.959999 706500 106.295345
2013-12-06 110.50 111.879997 110.010002 111.699997 666300 106.048497
2013-12-05 108.980003 110.199997 108.50 109.209999 624700 103.684482
2013-12-04 110.50 111.209999 108.349998 108.889999 1577800 103.380673
2013-12-03 112.559998 112.559998 110.279999 111.160004 640000 105.535825
2013-12-02 113.139999 113.559998 111.669998 111.849998 701800 106.190909
2013-11-29 114.739998 114.760002 113.400002 113.580002 274900 107.833383
2013-11-27 114.489998 114.489998 113.480003 114.360001 360600 108.573917
2013-11-26 113.019997 114.32 113.019997 113.900002 501000 108.137192
2013-11-25 114.209999 114.349998 113.029999 113.290001 561300 107.558054
2013-11-22 111.669998 114.169998 111.080002 114.07 815600 108.298589
2013-11-21 111.07 111.989998 111.029999 111.440002 729400 105.801657
2013-11-20 111.18 111.760002 110.300003 110.959999 424300 105.34594
2013-11-19 111.610001 112.129997 110.82 111.120003 564300 105.497848
2013-11-18 112.610001 112.75 111.00 111.449997 890900 105.811146
2013-11-15 112.910004 113.75 111.93 111.980003 1004000 106.314337
2013-11-14 113.269997 113.870003 112.529999 112.599998 611600 106.902963
2013-11-13 112.470001 114.07 112.019997 113.75 925400 107.444126
2013-11-12 112.480003 113.400002 111.910004 112.949997 638600 106.688472
2013-11-11 111.82 113.18 111.419998 112.690002 738200 106.442891
2013-11-08 111.32 111.889999 110.870003 111.720001 1154600 105.526663
2013-11-07 111.110001 113.949997 110.010002 111.559998 1444900 105.375529
2013-11-06 109.059998 110.129997 108.690002 109.029999 807600 102.985784
2013-11-05 109.080002 109.57 108.120003 108.790001 653700 102.759091
2013-11-04 110.010002 110.809998 109.540001 109.769997 696900 103.684759
2013-11-01 110.629997 111.220001 108.839996 109.43 716200 103.363611
2013-10-31 110.089996 112.260002 109.639999 110.410004 734300 104.289287
2013-10-30 111.129997 111.660004 109.970001 110.059998 565700 103.958684
2013-10-29 110.230003 111.029999 109.889999 110.910004 940600 104.761569
2013-10-28 110.300003 110.879997 109.339996 109.690002 653500 103.6092
2013-10-25 111.360001 111.879997 109.900002 110.599998 719600 104.468749
2013-10-24 110.449997 112.080002 110.339996 111.75 554300 105.554999
2013-10-23 109.730003 110.43 109.010002 110.43 672400 104.308175
2013-10-22 110.809998 111.870003 109.949997 110.260002 497700 104.147601
2013-10-21 110.400002 110.879997 109.459999 110.129997 419100 104.024803
2013-10-18 110.190002 110.690002 108.760002 110.419998 851300 104.298727
2013-10-17 105.589996 108.199997 105.589996 108.080002 555200 102.088451
2013-10-16 106.309998 106.900002 105.82 106.370003 1108100 100.473248
2013-10-15 108.550003 108.550003 106.07 106.349998 726200 100.454353
2013-10-14 108.110001 108.959999 107.839996 108.769997 574100 102.740196
2013-10-11 108.019997 108.68 107.57 108.589996 693800 102.570174
2013-10-10 105.730003 108.769997 105.339996 108.360001 667800 102.352928
2013-10-09 105.760002 106.449997 103.949997 104.389999 1156100 98.603009
2013-10-08 107.099998 107.879997 105.68 105.760002 759000 99.897064
2013-10-07 106.010002 107.580002 105.910004 106.68 574800 100.766061
2013-10-04 106.57 107.599998 106.059998 107.129997 471800 101.191112
2013-10-03 106.910004 107.349998 104.879997 106.239998 557600 100.35045
2013-10-02 107.110001 107.699997 102.980003 106.959999 732900 101.030537
2013-10-01 107.239998 108.769997 106.730003 107.959999 661600 101.975101
2013-09-30 105.620003 107.690002 105.620003 106.940002 657700 101.011649
2013-09-27 107.650002 107.93 106.769997 107.18 454800 101.238343
2013-09-26 107.910004 108.389999 107.279999 108.150002 388800 102.154571
2013-09-25 106.809998 108.419998 106.730003 107.349998 597300 101.398917
2013-09-24 107.099998 108.290001 106.610001 107.199997 610800 101.257231
2013-09-23 107.199997 107.769997 106.459999 106.93 571600 101.002202
2013-09-20 108.720001 109.419998 107.209999 107.400002 915900 101.446148
2013-09-19 109.099998 109.720001 108.400002 109.129997 669300 103.080239
2013-09-18 106.089996 108.620003 105.870003 108.470001 701200 102.456831
2013-09-17 106.400002 107.370003 105.379997 106.349998 901700 100.454353
2013-09-16 106.93 107.629997 106.089996 106.970001 772600 101.039985
2013-09-13 104.559998 105.239998 104.080002 105.040001 412400 99.216977
2013-09-12 103.900002 109.220001 103.139999 104.50 718700 98.706912
2013-09-11 103.389999 103.809998 102.18 103.739998 1092300 97.989041
2013-09-10 103.00 105.220001 102.690002 104.019997 1002200 98.253518
2013-09-09 100.419998 102.589996 99.980003 102.25 774000 96.581643
2013-09-06 100.18 101.220001 98.510002 100.040001 822100 94.494158
2013-09-05 98.790001 100.00 98.470001 99.769997 424000 94.239122
2013-09-04 97.849998 99.489998 96.980003 99.080002 620700 93.587378
2013-09-03 98.550003 99.529999 97.07 98.00 640600 92.567247
2013-08-30 97.940002 97.940002 96.860001 97.230003 561400 91.839936
2013-08-29 96.919998 98.389999 96.919998 97.769997 356000 92.349994
2013-08-28 97.099998 97.610001 96.769997 97.040001 671700 91.660467
2013-08-27 97.809998 97.839996 96.970001 97.059998 693400 91.679355
2013-08-26 99.18 100.150002 98.699997 99.029999 706100 93.540147
2013-08-23 99.830002 99.889999 98.230003 98.800003 748200 93.322901
2013-08-22 97.610001 99.949997 97.599998 99.800003 642400 94.267465
2013-08-21 97.010002 98.089996 96.629997 97.220001 574300 91.830489
2013-08-20 96.910004 97.660004 96.309998 97.309998 405300 91.915496
2013-08-19 96.739998 97.349998 96.459999 96.860001 588200 91.490445
2013-08-16 96.330002 97.830002 96.199997 97.040001 567000 91.660467
2013-08-15 100.129997 100.129997 93.470001 96.699997 721800 91.339311
2013-08-14 99.230003 99.230003 98.360001 98.800003 447300 93.322901
2013-08-13 99.07 99.529999 98.529999 99.139999 804000 93.644049
2013-08-12 98.360001 99.459999 98.00 98.879997 866000 93.398461
2013-08-09 99.400002 99.93 98.419998 98.720001 629100 93.247334
2013-08-08 99.050003 100.220001 98.910004 99.519997 625900 94.002981
2013-08-07 99.32 99.610001 98.129997 98.699997 638700 92.737263
2013-08-06 99.980003 100.18 99.199997 99.389999 847400 93.385581
2013-08-05 100.00 100.190002 98.879997 100.099998 751200 94.052687
2013-08-02 99.00 100.129997 96.690002 100.099998 977000 94.052687
2013-08-01 97.68 99.68 97.599998 99.18 1411600 93.188268
2013-07-31 94.849998 97.43 94.849998 96.849998 1369400 90.999028
2013-07-30 93.239998 96.339996 92.50 95.629997 2269400 89.85273
2013-07-29 90.400002 91.720001 90.150002 90.550003 840400 85.079632
2013-07-26 91.00 91.449997 90.239998 90.809998 959500 85.32392
2013-07-25 91.540001 91.709999 90.629997 91.389999 686400 85.868882
2013-07-24 93.300003 93.300003 91.599998 92.019997 646400 86.46082
2013-07-23 92.989998 93.07 92.099998 93.040001 639100 87.419203
2013-07-22 92.199997 92.790001 89.260002 92.699997 626700 87.099739
2013-07-19 93.209999 93.379997 91.949997 92.82 870200 87.212492
2013-07-18 92.239998 93.379997 92.00 93.290001 757800 87.6541
2013-07-17 91.50 92.370003 91.190002 92.220001 896400 86.648741
2013-07-16 91.50 91.980003 90.709999 91.010002 751900 85.511842
2013-07-15 90.830002 91.440002 90.669998 91.349998 686100 85.831298
2013-07-12 90.00 91.029999 89.57 90.910004 964700 85.417884
2013-07-11 88.339996 90.089996 88.339996 89.959999 776600 84.525272
2013-07-10 87.93 88.209999 86.800003 87.50 847300 82.213888
2013-07-09 88.010002 88.620003 87.93 88.160004 484000 82.834019
2013-07-08 87.470001 87.919998 86.940002 87.480003 967500 82.1951
2013-07-05 85.68 86.790001 85.330002 86.739998 486200 81.4998
2013-07-03 84.540001 85.230003 84.00 84.790001 527600 79.667608
2013-07-02 84.809998 85.309998 84.190002 84.809998 1008800 79.686396
2013-07-01 84.110001 85.190002 83.589996 84.989998 1106600 79.855522
2013-06-28 83.839996 84.379997 83.129997 83.139999 1834600 78.117287
2013-06-27 84.309998 84.639999 83.959999 84.209999 880000 79.122645
2013-06-26 84.120003 84.449997 83.440002 83.480003 824600 78.436751
2013-06-25 82.669998 83.639999 82.300003 83.269997 850500 78.239431
2013-06-24 82.790001 82.900002 80.599998 81.809998 1161900 76.867634
2013-06-21 84.220001 84.800003 83.190002 83.849998 822300 78.784393
2013-06-20 85.839996 85.940002 83.32 83.589996 1171200 78.540099
2013-06-19 88.010002 88.449997 86.860001 86.879997 510600 81.631342
2013-06-18 86.900002 88.199997 86.419998 88.110001 601700 82.787037
2013-06-17 87.239998 87.330002 85.709999 86.870003 744000 81.621951
2013-06-14 86.529999 87.099998 86.040001 86.690002 748200 81.452825
2013-06-13 84.309998 86.769997 83.260002 86.639999 760700 81.405843
2013-06-12 86.099998 86.190002 84.07 84.260002 680200 79.169627
2013-06-11 85.519997 85.959999 85.110001 85.309998 639900 80.15619
2013-06-10 86.839996 86.980003 86.160004 86.400002 690400 81.180344
2013-06-07 85.970001 86.959999 85.690002 86.370003 1239400 81.152157
2013-06-06 85.660004 86.18 84.980003 85.400002 846100 80.240756
2013-06-05 87.160004 87.57 85.449997 85.650002 597800 80.475653
2013-06-04 88.300003 89.07 87.07 87.489998 686400 82.20449
2013-06-03 88.410004 88.760002 86.709999 88.190002 856600 82.862206
2013-05-31 88.209999 90.269997 87.660004 88.019997 1069600 82.702471
2013-05-30 88.050003 89.400002 87.93 88.599998 422700 83.247433
2013-05-29 88.150002 89.07 87.900002 87.940002 467500 82.627309
2013-05-28 89.339996 89.400002 87.889999 88.540001 543800 83.19106
2013-05-24 87.410004 87.720001 86.650002 87.410004 624500 82.129329
2013-05-23 87.970001 88.580002 87.489998 87.849998 794700 82.542742
2013-05-22 90.690002 91.00 87.940002 88.589996 930700 83.238035
2013-05-21 91.050003 91.50 90.120003 90.690002 549700 85.211174
2013-05-20 90.610001 91.669998 90.300003 90.910004 539400 85.417884
2013-05-17 89.650002 90.959999 89.559998 90.949997 741400 85.455462
2013-05-16 89.18 90.199997 89.169998 89.419998 714600 84.017894
2013-05-15 89.57 89.940002 88.949997 89.650002 652300 84.234002
2013-05-14 88.690002 90.139999 88.540001 89.989998 844500 84.553459
2013-05-13 87.68 88.720001 87.529999 88.669998 883100 83.313204
2013-05-10 87.959999 88.419998 87.57 87.919998 524800 82.608513
2013-05-09 87.919998 88.790001 87.709999 87.949997 717500 82.6367
2013-05-08 87.739998 88.779999 87.400002 88.75 702600 82.899791
2013-05-07 86.529999 88.099998 86.209999 87.910004 1149200 82.115165
2013-05-06 84.980003 86.620003 84.610001 86.209999 842800 80.527221
2013-05-03 84.32 85.809998 84.160004 85.089996 913600 79.481047
2013-05-02 83.059998 83.940002 82.739998 83.00 1106900 77.528818
2013-05-01 84.480003 84.50 82.209999 82.32 1156400 76.893642
2013-04-30 84.889999 85.349998 83.82 84.779999 1003800 79.191484
2013-04-29 85.209999 85.480003 84.470001 84.849998 714100 79.256869
2013-04-26 86.900002 87.050003 84.68 84.870003 965200 79.275555
2013-04-25 86.230003 87.059998 85.110001 86.849998 1643800 81.125033
2013-04-24 85.120003 88.00 84.910004 86.300003 1722800 80.611292
2013-04-23 84.230003 85.080002 83.720001 85.040001 977100 79.434347
2013-04-22 83.18 84.379997 82.029999 84.019997 988800 78.481579
2013-04-19 83.059998 83.230003 82.25 83.18 917900 77.696954
2013-04-18 84.029999 84.57 82.480003 82.870003 883400 77.40739
2013-04-17 83.93 84.010002 83.209999 83.82 813300 78.294766
2013-04-16 84.059998 84.919998 83.510002 84.760002 976000 79.172805
2013-04-15 86.989998 87.019997 83.300003 83.330002 1592200 77.837067
2013-04-12 88.610001 88.639999 87.43 87.629997 735100 81.853616
2013-04-11 88.75 89.790001 88.580002 88.989998 1142900 83.123969
2013-04-10 87.660004 88.82 87.290001 88.800003 841200 82.946498
2013-04-09 87.129997 88.139999 86.769997 87.57 847800 81.797574
2013-04-08 87.949997 88.019997 86.07 87.089996 1239600 81.349211
2013-04-05 85.769997 88.260002 85.230003 87.989998 1578600 82.189886
2013-04-04 84.75 87.239998 84.589996 86.949997 1839700 81.21844
2013-04-03 84.139999 84.849998 83.129997 84.589996 1536600 79.014006
2013-04-02 85.080002 85.260002 83.940002 84.330002 1052200 78.771149
2013-04-01 86.290001 86.389999 84.580002 84.660004 616700 79.079398
2013-03-28 85.32 86.440002 84.760002 86.349998 957500 80.657992
2013-03-27 84.089996 85.209999 83.580002 85.040001 1005500 79.434347
2013-03-26 85.339996 85.57 84.18 84.849998 1344600 79.256869
2013-03-25 86.190002 86.389999 84.57 85.18 902600 79.565118
2013-03-22 86.459999 86.629997 85.610001 85.940002 1025200 80.275022
2013-03-21 86.889999 87.449997 85.209999 86.160004 1517200 80.480522
2013-03-20 87.300003 87.760002 86.43 86.849998 1053000 81.125033
2013-03-19 87.629997 88.00 86.080002 86.709999 749500 80.994262
2013-03-18 87.580002 88.269997 86.970001 87.449997 846000 81.685481
2013-03-15 89.07 89.370003 87.900002 88.540001 1392300 82.703634
2013-03-14 89.199997 89.379997 88.160004 89.370003 1058700 83.478924
2013-03-13 88.410004 88.959999 87.709999 88.910004 815300 83.049247
2013-03-12 90.00 90.00 88.209999 88.540001 1188500 82.703634
2013-03-11 90.279999 90.519997 89.919998 90.059998 917000 84.123436
2013-03-08 90.32 90.769997 89.290001 90.599998 980100 84.627841
2013-03-07 89.800003 90.93 89.769997 90.790001 674400 84.805319
2013-03-06 89.949997 90.330002 89.459999 89.660004 740600 83.749809
2013-03-05 88.940002 90.290001 88.93 89.510002 1084200 83.609695
2013-03-04 88.919998 88.959999 87.120003 88.089996 1170200 82.283293
2013-03-01 89.720001 90.449997 88.379997 89.279999 985200 83.394853
2013-02-28 90.419998 91.410004 89.949997 90.339996 802300 84.384978
2013-02-27 88.690002 90.739998 88.519997 90.379997 683700 84.422342
2013-02-26 88.720001 89.089996 87.57 88.779999 776000 82.927812
2013-02-25 90.410004 90.720001 88.129997 88.160004 1001500 82.348686
2013-02-22 89.290001 90.480003 89.290001 90.059998 938000 84.123436
2013-02-21 89.139999 89.339996 88.18 88.709999 1016300 82.862427
2013-02-20 90.980003 91.419998 89.440002 89.550003 1136200 83.647059
2013-02-19 91.169998 91.839996 90.550003 90.849998 1044400 84.861362
